258
  7.926624369306670e-02  -4.308140018577351e-02   0.000000000000000e+00
  8.582890745761718e-02  -4.442505753573191e-02   0.000000000000000e+00
  9.260856579747637e-02  -4.571731168526359e-02   0.000000000000000e+00
  9.960821020267285e-02  -4.695882512604978e-02   0.000000000000000e+00
  1.068325080104911e-01  -4.815018627984826e-02   0.000000000000000e+00
  1.142776091334031e-01  -4.929036833405931e-02   0.000000000000000e+00
  1.219478582746798e-01  -5.037953181485393e-02   0.000000000000000e+00
  1.298440137354516e-01  -5.141711398878070e-02   0.000000000000000e+00
  1.379630760573458e-01  -5.240202608716561e-02   0.000000000000000e+00
  1.463104041856526e-01  -5.333414497716545e-02   0.000000000000000e+00
  1.548823343021150e-01  -5.421223315834897e-02   0.000000000000000e+00
  1.636765589039300e-01  -5.503528794601856e-02   0.000000000000000e+00
  1.726991036770752e-01  -5.580304616813668e-02   0.000000000000000e+00
  1.819416142520701e-01  -5.651399436859708e-02   0.000000000000000e+00
  1.914040255917989e-01  -5.716742858405687e-02   0.000000000000000e+00
  2.010874798260809e-01  -5.776271939273097e-02   0.000000000000000e+00
  2.109840791200494e-01  -5.829875653796743e-02   0.000000000000000e+00
  2.210939540224087e-01  -5.877501656984527e-02   0.000000000000000e+00
  2.314132880043016e-01  -5.919083767992498e-02   0.000000000000000e+00
  2.419345395166236e-01  -5.954555988431004e-02   0.000000000000000e+00
  2.526576727828789e-01  -5.983891036704998e-02   0.000000000000000e+00
  2.635741278898450e-01  -6.007047345811618e-02   0.000000000000000e+00
  2.746765833104952e-01  -6.024006476953524e-02   0.000000000000000e+00
  2.859644255773696e-01  -6.034772027753271e-02   0.000000000000000e+00
  2.974248819740615e-01  -6.039347916452682e-02   0.000000000000000e+00
  3.090519596084275e-01  -6.037763128329399e-02   0.000000000000000e+00
  3.208401717376299e-01  -6.030058188845715e-02   0.000000000000000e+00
  3.327772343331863e-01  -6.016293407671135e-02   0.000000000000000e+00
  3.448565741055610e-01  -5.996540959627479e-02   0.000000000000000e+00
  3.570686186944811e-01  -5.970890344359179e-02   0.000000000000000e+00
  3.694014811867295e-01  -5.939452323788749e-02   0.000000000000000e+00
  3.818476707954249e-01  -5.902341170623873e-02   0.000000000000000e+00
  3.943946239870776e-01  -5.859698210718196e-02   0.000000000000000e+00
  4.070307236506364e-01  -5.811676921335097e-02   0.000000000000000e+00
  4.197472314191381e-01  -5.758431111744726e-02   0.000000000000000e+00
  4.325299450152682e-01  -5.700147850351896e-02   0.000000000000000e+00
  4.453677263629856e-01  -5.637012734944219e-02   0.000000000000000e+00
  4.582491857769346e-01  -5.569221125303937e-02   0.000000000000000e+00
  4.711611197416941e-01  -5.496986440686100e-02   0.000000000000000e+00
  4.840917339480479e-01  -5.420522371497369e-02   0.000000000000000e+00
  4.970284945277550e-01  -5.340053237883322e-02   0.000000000000000e+00
  5.099590592610698e-01  -5.255807906554701e-02   0.000000000000000e+00
  5.228707768017107e-01  -5.168022046831296e-02   0.000000000000000e+00
  5.357515613597725e-01  -5.076931402216698e-02   0.000000000000000e+00
  5.485897544572743e-01  -4.982771311843628e-02   0.000000000000000e+00
  5.613716851055415e-01  -4.885794357428369e-02   0.000000000000000e+00
  5.740872853056012e-01  -4.786227617400212e-02   0.000000000000000e+00
  5.867246725353963e-01  -4.684312227757757e-02   0.000000000000000e+00
  5.992711437271661e-01  -4.580296831512679e-02   0.000000000000000e+00
  6.117179876008636e-01  -4.474396705587652e-02   0.000000000000000e+00
  6.240530681437211e-01  -4.366854778951247e-02   0.000000000000000e+00
  6.362661094522796e-01  -4.257897447165220e-02   0.000000000000000e+00
  6.483494565515603e-01  -4.147725649848599e-02   0.000000000000000e+00
  6.602905853243785e-01  -4.036582890879127e-02   0.000000000000000e+00
  6.720828891723596e-01  -3.924656540156562e-02   0.000000000000000e+00
  6.837194498594329e-01  -3.812133417109349e-02   0.000000000000000e+00
  6.951872538289867e-01  -3.699257822394865e-02   0.000000000000000e+00
  7.064843246591396e-01  -3.586163991944263e-02   0.000000000000000e+00
  7.176026867440973e-01  -3.473041960517580e-02   0.000000000000000e+00
  7.285331991826168e-01  -3.360092492944561e-02   0.000000000000000e+00
  7.392747324265423e-01  -3.247431305049835e-02   0.000000000000000e+00
  7.498191859190133e-01  -3.135243835744013e-02   0.000000000000000e+00
  7.601619991703419e-01  -3.023676685789434e-02   0.000000000000000e+00
  7.703024737793585e-01  -2.912831789783475e-02   0.000000000000000e+00
  7.802322392404187e-01  -2.802892566631926e-02   0.000000000000000e+00
  7.899517097496568e-01  -2.693943973507676e-02   0.000000000000000e+00
  7.994602468395703e-01  -2.586079063812612e-02   0.000000000000000e+00
  8.087491057305808e-01  -2.479481465456870e-02   0.000000000000000e+00
  8.178237771781264e-01  -2.374170172452686e-02   0.000000000000000e+00
  8.266816286063570e-01  -2.270254407850802e-02   0.000000000000000e+00
  8.353187052323147e-01  -2.167857967899007e-02   0.000000000000000e+00
  8.437401956241524e-01  -2.066994210846284e-02   0.000000000000000e+00
  8.519429868869024e-01  -1.967772819355909e-02   0.000000000000000e+00
  8.599278468899152e-01  -1.870255412596467e-02   0.000000000000000e+00
  8.676993509807496e-01  -1.774454332741857e-02   0.000000000000000e+00
  8.752538120364819e-01  -1.680481487791489e-02   0.000000000000000e+00
  8.825964540007973e-01  -1.588336600134460e-02   0.000000000000000e+00
  8.897310136445623e-01  -1.498034623422670e-02   0.000000000000000e+00
  8.966531850676893e-01  -1.409690705146253e-02   0.000000000000000e+00
  9.033722343464377e-01  -1.323245231172597e-02   0.000000000000000e+00
  9.098893174020786e-01  -1.238739213249257e-02   0.000000000000000e+00
  9.162043029838253e-01  -1.156228997431423e-02   0.000000000000000e+00
  9.223251930152763e-01  -1.075662468045173e-02   0.000000000000000e+00
  9.282522505039966e-01  -9.970864048544819e-03   0.000000000000000e+00
  9.339890704228204e-01  -9.205018862647976e-03   0.000000000000000e+00
  9.395423087024641e-01  -8.458664497081818e-03   0.000000000000000e+00
  9.449113538810696e-01  -7.732329915716431e-03   0.000000000000000e+00
  9.501030217984897e-01  -7.025522930876358e-03   0.000000000000000e+00
  9.551226091643996e-01  -6.337928255105056e-03   0.000000000000000e+00
  9.599686830399902e-01  -5.670134926557009e-03   0.000000000000000e+00
  9.646507533175118e-01  -5.021207272511302e-03   0.000000000000000e+00
  9.691715339955963e-01  -4.391121530818238e-03   0.000000000000000e+00
  9.735326420691727e-01  -3.779992138922754e-03   0.000000000000000e+00
  9.777419674024581e-01  -3.187035116884097e-03   0.000000000000000e+00
  9.818011836851742e-01  -2.612318625433629e-03   0.000000000000000e+00
  9.857144621637486e-01  -2.055542802410787e-03   0.000000000000000e+00
  9.894881683970953e-01  -1.516074953214751e-03   0.000000000000000e+00
  9.931230406966514e-01  -9.940688020099622e-04   0.000000000000000e+00
  9.966253294729510e-01  -4.888727971772416e-04   0.000000000000000e+00
  1.000000000000000e+00   0.000000000000000e+00   0.000000000000000e+00
  9.966253294736598e-01   4.888727970748100e-04   0.000000000000000e+00
  9.931230406966975e-01   9.940688020269764e-04   0.000000000000000e+00
  9.894881683977494e-01   1.516074953120965e-03   0.000000000000000e+00
  9.857144621637136e-01   2.055542802446971e-03   0.000000000000000e+00
  9.818011836853909e-01   2.612318625429744e-03   0.000000000000000e+00
  9.777419674021777e-01   3.187035116915199e-03   0.000000000000000e+00
  9.735326420691359e-01   3.779992138968873e-03   0.000000000000000e+00
  9.691715339955074e-01   4.391121530804330e-03   0.000000000000000e+00
  9.646507533174229e-01   5.021207272523653e-03   0.000000000000000e+00
  9.599686830399283e-01   5.670134926629150e-03   0.000000000000000e+00
  9.551226091642592e-01   6.337928255157626e-03   0.000000000000000e+00
  9.501030217987073e-01   7.025522930844767e-03   0.000000000000000e+00
  9.449113538808803e-01   7.732329915748641e-03   0.000000000000000e+00
  9.395423087023672e-01   8.458664497053337e-03   0.000000000000000e+00
  9.339890704227802e-01   9.205018862648070e-03   0.000000000000000e+00
  9.282522505038978e-01   9.970864048532216e-03   0.000000000000000e+00
  9.223251930150547e-01   1.075662468043036e-02   0.000000000000000e+00
  9.162043029835920e-01   1.156228997436692e-02   0.000000000000000e+00
  9.098893174018990e-01   1.238739213248065e-02   0.000000000000000e+00
  9.033722343463386e-01   1.323245231167277e-02   0.000000000000000e+00
  8.966531850675483e-01   1.409690705143875e-02   0.000000000000000e+00
  8.897310136442932e-01   1.498034623423813e-02   0.000000000000000e+00
  8.825964540007153e-01   1.588336600134683e-02   0.000000000000000e+00
  8.752538120361705e-01   1.680481487792610e-02   0.000000000000000e+00
  8.676993509806261e-01   1.774454332743389e-02   0.000000000000000e+00
  8.599278468899234e-01   1.870255412596163e-02   0.000000000000000e+00
  8.519429868868175e-01   1.967772819358771e-02   0.000000000000000e+00
  8.437401956237824e-01   2.066994210840566e-02   0.000000000000000e+00
  8.353187052323363e-01   2.167857967900353e-02   0.000000000000000e+00
  8.266816286061847e-01   2.270254407845101e-02   0.000000000000000e+00
  8.178237771779806e-01   2.374170172452913e-02   0.000000000000000e+00
  8.087491057307279e-01   2.479481465452542e-02   0.000000000000000e+00
  7.994602468394373e-01   2.586079063816534e-02   0.000000000000000e+00
  7.899517097497099e-01   2.693943973512690e-02   0.000000000000000e+00
  7.802322392404996e-01   2.802892566638876e-02   0.000000000000000e+00
  7.703024737792564e-01   2.912831789787380e-02   0.000000000000000e+00
  7.601619991701106e-01   3.023676685793217e-02   0.000000000000000e+00
  7.498191859188416e-01   3.135243835741984e-02   0.000000000000000e+00
  7.392747324263658e-01   3.247431305056662e-02   0.000000000000000e+00
  7.285331991824854e-01   3.360092492940774e-02   0.000000000000000e+00
  7.176026867441059e-01   3.473041960519390e-02   0.000000000000000e+00
  7.064843246589201e-01   3.586163991949058e-02   0.000000000000000e+00
  6.951872538287860e-01   3.699257822400966e-02   0.000000000000000e+00
  6.837194498595616e-01   3.812133417110134e-02   0.000000000000000e+00
  6.720828891723934e-01   3.924656540158385e-02   0.000000000000000e+00
  6.602905853241774e-01   4.036582890877168e-02   0.000000000000000e+00
  6.483494565514678e-01   4.147725649850330e-02   0.000000000000000e+00
  6.362661094524732e-01   4.257897447159768e-02   0.000000000000000e+00
  6.240530681436274e-01   4.366854778950267e-02   0.000000000000000e+00
  6.117179876005647e-01   4.474396705585121e-02   0.000000000000000e+00
  5.992711437267844e-01   4.580296831517633e-02   0.000000000000000e+00
  5.867246725355562e-01   4.684312227756401e-02   0.000000000000000e+00
  5.740872853055135e-01   4.786227617394083e-02   0.000000000000000e+00
  5.613716851056019e-01   4.885794357427361e-02   0.000000000000000e+00
  5.485897544569018e-01   4.982771311849289e-02   0.000000000000000e+00
  5.357515613597645e-01   5.076931402214337e-02   0.000000000000000e+00
  5.228707768015446e-01   5.168022046832294e-02   0.000000000000000e+00
  5.099590592609361e-01   5.255807906554709e-02   0.000000000000000e+00
  4.970284945277182e-01   5.340053237881841e-02   0.000000000000000e+00
  4.840917339479474e-01   5.420522371493650e-02   0.000000000000000e+00
  4.711611197416414e-01   5.496986440690312e-02   0.000000000000000e+00
  4.582491857769272e-01   5.569221125307066e-02   0.000000000000000e+00
  4.453677263630949e-01   5.637012734941071e-02   0.000000000000000e+00
  4.325299450150878e-01   5.700147850351632e-02   0.000000000000000e+00
  4.197472314191373e-01   5.758431111742782e-02   0.000000000000000e+00
  4.070307236503319e-01   5.811676921333416e-02   0.000000000000000e+00
  3.943946239869284e-01   5.859698210720947e-02   0.000000000000000e+00
  3.818476707952692e-01   5.902341170628124e-02   0.000000000000000e+00
  3.694014811866982e-01   5.939452323787464e-02   0.000000000000000e+00
  3.570686186946123e-01   5.970890344358099e-02   0.000000000000000e+00
  3.448565741055369e-01   5.996540959626114e-02   0.000000000000000e+00
  3.327772343332903e-01   6.016293407669301e-02   0.000000000000000e+00
  3.208401717374018e-01   6.030058188843229e-02   0.000000000000000e+00
  3.090519596083889e-01   6.037763128328710e-02   0.000000000000000e+00
  2.974248819736122e-01   6.039347916454073e-02   0.000000000000000e+00
  2.859644255774769e-01   6.034772027756452e-02   0.000000000000000e+00
  2.746765833106230e-01   6.024006476953996e-02   0.000000000000000e+00
  2.635741278896151e-01   6.007047345808889e-02   0.000000000000000e+00
  2.526576727827931e-01   5.983891036705454e-02   0.000000000000000e+00
  2.419345395164617e-01   5.954555988433680e-02   0.000000000000000e+00
  2.314132880041098e-01   5.919083767997013e-02   0.000000000000000e+00
  2.210939540220063e-01   5.877501656990022e-02   0.000000000000000e+00
  2.109840791199263e-01   5.829875653796188e-02   0.000000000000000e+00
  2.010874798261775e-01   5.776271939271409e-02   0.000000000000000e+00
  1.914040255916745e-01   5.716742858408940e-02   0.000000000000000e+00
  1.819416142518905e-01   5.651399436855805e-02   0.000000000000000e+00
  1.726991036769975e-01   5.580304616809703e-02   0.000000000000000e+00
  1.636765589038323e-01   5.503528794602638e-02   0.000000000000000e+00
  1.548823343019879e-01   5.421223315833717e-02   0.000000000000000e+00
  1.463104041856346e-01   5.333414497718985e-02   0.000000000000000e+00
  1.379630760572211e-01   5.240202608712054e-02   0.000000000000000e+00
  1.298440137351998e-01   5.141711398870408e-02   0.000000000000000e+00
  1.219478582746361e-01   5.037953181483858e-02   0.000000000000000e+00
  1.142776091334883e-01   4.929036833408894e-02   0.000000000000000e+00
  1.068325080105944e-01   4.815018627990053e-02   0.000000000000000e+00
  9.960821020266258e-02   4.695882512604235e-02   0.000000000000000e+00
  9.260856579738938e-02   4.571731168528063e-02   0.000000000000000e+00
  8.582890745753381e-02   4.442505753570394e-02   0.000000000000000e+00
  7.926624369299816e-02   4.308140018573334e-02   0.000000000000000e+00
  7.495267118674476e-02   4.214375015172350e-02   0.000000000000000e+00
  7.073703823557245e-02   4.118194880624138e-02   0.000000000000000e+00
  6.661895683536284e-02   4.019558496429462e-02   0.000000000000000e+00
  6.259978766944978e-02   3.918458643286198e-02   0.000000000000000e+00
  5.868027998498478e-02   3.814867564559103e-02   0.000000000000000e+00
  5.485728816625556e-02   3.708638188299937e-02   0.000000000000000e+00
  5.113064994125545e-02   3.599679528704811e-02   0.000000000000000e+00
  4.750352208467524e-02   3.487984861946398e-02   0.000000000000000e+00
  4.397372549558629e-02   3.373367456885831e-02   0.000000000000000e+00
  4.054043260629631e-02   3.255644981734757e-02   0.000000000000000e+00
  3.720463028008411e-02   3.134660482711563e-02   0.000000000000000e+00
  3.397000401182797e-02   3.010327107363996e-02   0.000000000000000e+00
  3.083408164757716e-02   2.882278691365532e-02   0.000000000000000e+00
  2.779843136095488e-02   2.750235008816209e-02   0.000000000000000e+00
  2.486701176330293e-02   2.613955792970825e-02   0.000000000000000e+00
  2.204255940456314e-02   2.473070367308803e-02   0.000000000000000e+00
  1.932704989533757e-02   2.327051531264112e-02   0.000000000000000e+00
  1.672558484937627e-02   2.175384490267301e-02   0.000000000000000e+00
  1.424765884554737e-02   2.017657777757588e-02   0.000000000000000e+00
  1.189961493005286e-02   1.853060487291107e-02   0.000000000000000e+00
  9.692872091150538e-03   1.680820544300343e-02   0.000000000000000e+00
  7.643723264952008e-03   1.500205489522596e-02   0.000000000000000e+00
  5.773719376491477e-03   1.310586515003648e-02   0.000000000000000e+00
  4.107145884327323e-03   1.111196494754139e-02   0.000000000000000e+00
  2.676673328503509e-03   9.018727125106490e-03   0.000000000000000e+00
  1.520631421957989e-03   6.834721464914985e-03   0.000000000000000e+00
  6.750984424997973e-04   4.578994749005136e-03   0.000000000000000e+00
  1.663341651720318e-04   2.285288752730446e-03   0.000000000000000e+00
  9.974659986870002e-21   3.191891195800000e-19   0.000000000000000e+00
  1.552875853139523e-04  -2.208501488216311e-03   0.000000000000000e+00
  6.304908324386158e-04  -4.426745283401727e-03   0.000000000000000e+00
  1.421762648194044e-03  -6.612403397833927e-03   0.000000000000000e+00
  2.506064227704789e-03  -8.732857649315457e-03   0.000000000000000e+00
  3.850557873032044e-03  -1.076883431055090e-02   0.000000000000000e+00
  5.422844524993228e-03  -1.271466408970523e-02   0.000000000000000e+00
  7.191256848928808e-03  -1.456863655055145e-02   0.000000000000000e+00
  9.130776512293244e-03  -1.633550644568280e-02   0.000000000000000e+00
  1.122170229654391e-02  -1.802194237800114e-02   0.000000000000000e+00
  1.344884153082322e-02  -1.963508677819105e-02   0.000000000000000e+00
  1.580290913398976e-02  -2.118327902496259e-02   0.000000000000000e+00
  1.827292581147675e-02  -2.267121871119367e-02   0.000000000000000e+00
  2.085213944551174e-02  -2.410451221238949e-02   0.000000000000000e+00
  2.353541619316622e-02  -2.548806864959302e-02   0.000000000000000e+00
  2.631885173057561e-02  -2.682614634295810e-02   0.000000000000000e+00
  2.920222541820371e-02  -2.812361626192564e-02   0.000000000000000e+00
  3.218071275495803e-02  -2.938236918962550e-02   0.000000000000000e+00
  3.525265649258643e-02  -3.060514228692820e-02   0.000000000000000e+00
  3.841685192084709e-02  -3.179428974700500e-02   0.000000000000000e+00
  4.167245022306476e-02  -3.295183431642155e-02   0.000000000000000e+00
  4.502193836829749e-02  -3.408051444078340e-02   0.000000000000000e+00
  4.846203240516891e-02  -3.518074999738580e-02   0.000000000000000e+00
  5.199256871361379e-02  -3.625381880003242e-02   0.000000000000000e+00
  5.561352814128190e-02  -3.730081028362368e-02   0.000000000000000e+00
  5.932500643811657e-02  -3.832264917770421e-02   0.000000000000000e+00
  6.313050758015164e-02  -3.932096541778456e-02   0.000000000000000e+00
  6.702705865052033e-02  -4.029550484439346e-02   0.000000000000000e+00
  7.101496457115714e-02  -4.124681010041104e-02   0.000000000000000e+00
  7.509456932002657e-02  -4.217532388405154e-02   0.000000000000000e+00
  7.926624369306670e-02  -4.308140018577351e-02   0.000000000000000e+00
